{
  "1-3-3": {
    "poses_world": [
      null,
      null,
      null,
      null,
      null,
      null,
      null,
      null,
      null,
      null,
      null,
      null,
      null,
      null,
      null,
      null,
      null,
      null,
      null,
      null,
      null,
      null,
      null,
      null,
      null,
      null,
      null,
      null,
      null,
      null,
      null,
      null,
      null,
      null,
      null,
      [
        [
          0.8918879911972666,
          -0.45164191221700745,
          0.023565429274962413,
          0.19519601422039906
        ],
        [
          0.45216485029908565,
          0.8915440431824763,
          -0.026385772865445946,
          0.20732821991999417
        ],
        [
          -0.009092713874820968,
          0.03418863876908887,
          0.9993740447161709,
          0.016730226746178745
        ],
        [
          0.0,
          0.0,
          0.0,
          1.0
        ]
      ],
      null,
      null,
      null,
      [
        [
          -0.7143282015052863,
          -0.699421120765187,
          -0.023349049745945483,
          0.16109868999828414
        ],
        [
          0.6996440608769359,
          -0.7144886590787676,
          -0.002013630213725179,
          0.01930414788376067
        ],
        [
          -0.015274230866066607,
          -0.01777434842435993,
          0.9997253528774848,
          0.0377402690864479
        ],
        [
          0.0,
          0.0,
          0.0,
          1.0
        ]
      ],
      null,
      null,
      null,
      null,
      null,
      null,
      null,
      null,
      [
        [
          0.7842152885730962,
          -0.6203510511299273,
          -0.01307732488193486,
          0.09208838120907542
        ],
        [
          0.6203000663627111,
          0.7843224281704776,
          -0.008138527456940037,
          -0.29964941463968875
        ],
        [
          0.015305536500147376,
          -0.0017295084918250714,
          0.9998813565637851,
          0.04414824273323914
        ],
        [
          0.0,
          0.0,
          0.0,
          1.0
        ]
      ],
      null,
      null,
      [
        [
          -0.9941144691301943,
          0.07280034158432176,
          0.08023109622045044,
          0.2795006513845249
        ],
        [
          -0.06623043689952873,
          -0.9944531522957437,
          0.08171264488420174,
          -0.36740552692441397
        ],
        [
          0.08573476038668959,
          0.07591798495019762,
          0.9934214012693885,
          0.011957552221214807
        ],
        [
          0.0,
          0.0,
          0.0,
          1.0
        ]
      ],
      null,
      null,
      null,
      null,
      null,
      null,
      [
        [
          0.08278927940485478,
          0.9965670106965286,
          0.0006329087176984438,
          0.11156791625964291
        ],
        [
          -0.9962554269220324,
          0.08274752560971638,
          0.02506138315251358,
          0.08768860601952985
        ],
        [
          0.02492296423177009,
          -0.0027053400068899336,
          0.9996857487721387,
          0.024464120907667364
        ],
        [
          0.0,
          0.0,
          0.0,
          1.0
        ]
      ],
      null,
      null,
      null,
      null,
      null,
      null,
      null,
      null,
      null,
      null,
      null,
      null,
      null,
      null,
      null,
      null,
      null,
      null,
      null,
      null
    ]
  },
  "1-14-12": {
    "poses_world": [
      null,
      null,
      null,
      null,
      null,
      null,
      null,
      null,
      null,
      null,
      null,
      null,
      null,
      null,
      null,
      null,
      null,
      null,
      null,
      null,
      null,
      null,
      null,
      null,
      null,
      null,
      null,
      null,
      null,
      null,
      null,
      null,
      null,
      null,
      null,
      null,
      null,
      null,
      null,
      [
        [
          -0.9716994849632081,
          -0.23529870000679723,
          -0.020854004650863844,
          0.27517586952087775
        ],
        [
          0.23529365095136734,
          -0.9719206219586211,
          0.0027303360693029972,
          0.30709812286251953
        ],
        [
          -0.020910891270953746,
          -0.002253748579315845,
          0.9997788270673428,
          0.03811064892337518
        ],
        [
          0.0,
          0.0,
          0.0,
          1.0
        ]
      ],
      null,
      null,
      null,
      null,
      null,
      null,
      null,
      null,
      null,
      null,
      null,
      [
        [
          -0.28557074069976807,
          0.9581856727600098,
          -0.018163710832595825,
          0.1660306453704834
        ],
        [
          -0.9582901000976562,
          -0.28527405858039856,
          0.01729617826640606,
          -0.10428319871425629
        ],
        [
          0.011391326785087585,
          0.022345423698425293,
          0.9996854066848755,
          0.009862840175628662
        ],
        [
          0.0,
          0.0,
          0.0,
          1.0
        ]
      ],
      [
        [
          0.8980900829303065,
          -0.4394100965888831,
          -0.01879034053263917,
          0.2569853479021948
        ],
        [
          0.4396509740666558,
          0.8980970520304974,
          0.011347716490447277,
          0.09957435486337693
        ],
        [
          0.011889204040808954,
          -0.018452472771241207,
          0.9997590613760643,
          0.030458422188151424
        ],
        [
          0.0,
          0.0,
          0.0,
          1.0
        ]
      ],
      null,
      null,
      null,
      null,
      [
        [
          -0.8866778612136841,
          -0.462388277053833,
          -1.4901161193847656e-07,
          0.08354848623275757
        ],
        [
          0.4623882472515106,
          -0.8866779208183289,
          -6.202608346939087e-07,
          -0.2845804691314697
        ],
        [
          1.1920928955078125e-07,
          -5.960464477539062e-07,
          1.0,
          0.008519947528839111
        ],
        [
          0.0,
          0.0,
          0.0,
          1.0
        ]
      ],
      [
        [
          0.30799053595325077,
          0.9513791642587404,
          -0.004440032362333202,
          0.26522469597254517
        ],
        [
          -0.9513792281523946,
          0.30800554785819373,
          0.003207078341335382,
          -0.34087344094746064
        ],
        [
          0.004418695170855358,
          0.003236366771319943,
          0.9999849832381524,
          0.024626445964052945
        ],
        [
          0.0,
          0.0,
          0.0,
          1.0
        ]
      ],
      null,
      null,
      null,
      null,
      null,
      null,
      null,
      null,
      null,
      null,
      null,
      null,
      null,
      null,
      null,
      null,
      null,
      null,
      null,
      null
    ]
  },
  "1-13-7": {
    "poses_world": [
      null,
      null,
      null,
      null,
      null,
      null,
      null,
      null,
      null,
      null,
      null,
      null,
      null,
      null,
      null,
      null,
      null,
      null,
      null,
      null,
      null,
      null,
      null,
      null,
      null,
      null,
      null,
      null,
      null,
      null,
      null,
      null,
      null,
      null,
      null,
      null,
      null,
      null,
      null,
      [
        [
          -0.8705347591281859,
          -0.49171870762421455,
          -0.019544530137570015,
          0.27530482462851824
        ],
        [
          0.49184499908705875,
          -0.8706805539121932,
          -0.001955633044112077,
          0.12485531814253684
        ],
        [
          -0.016055367595066483,
          -0.011315326920099622,
          0.9998071257332485,
          0.03795344518845217
        ],
        [
          0.0,
          0.0,
          0.0,
          1.0
        ]
      ],
      null,
      null,
      null,
      null,
      null,
      null,
      null,
      null,
      null,
      null,
      null,
      [
        [
          -0.8192476630210876,
          -0.5730124115943909,
          0.022143423557281494,
          -0.0017837882041931152
        ],
        [
          0.5733270049095154,
          -0.8192421793937683,
          0.01177905686199665,
          -0.08748700469732285
        ],
        [
          0.01139134168624878,
          0.022345393896102905,
          0.9996854066848755,
          0.009862840175628662
        ],
        [
          0.0,
          0.0,
          0.0,
          1.0
        ]
      ],
      [
        [
          -0.6932015548621532,
          -0.7206560543092646,
          -0.011264727370132843,
          -0.057566605230024936
        ],
        [
          0.7206681166783131,
          -0.693270748287705,
          0.0036826435365109877,
          0.1275658143736258
        ],
        [
          -0.010463408094205762,
          -0.005565311210465773,
          0.9999297826126303,
          0.030333736887699136
        ],
        [
          0.0,
          0.0,
          0.0,
          1.0
        ]
      ],
      null,
      null,
      null,
      null,
      [
        [
          0.966505765914917,
          -0.25664472579956055,
          -4.470348358154297e-07,
          -0.055318862199783325
        ],
        [
          0.25664469599723816,
          0.9665058255195618,
          1.6763806343078613e-08,
          -0.08329634368419647
        ],
        [
          4.172325134277344e-07,
          -1.2665987014770508e-07,
          1.0,
          0.008519947528839111
        ],
        [
          0.0,
          0.0,
          0.0,
          1.0
        ]
      ],
      [
        [
          0.8922252549267737,
          0.45140933078350975,
          0.012794141001940929,
          0.2461907634845265
        ],
        [
          -0.4514204858988849,
          0.8923088143250272,
          -0.002169116052244336,
          -0.08801041826920966
        ],
        [
          -0.012395556024754617,
          -0.0038402199722308017,
          0.9999157911790754,
          0.024614644349742476
        ],
        [
          0.0,
          0.0,
          0.0,
          1.0
        ]
      ],
      null,
      null,
      null,
      null,
      null,
      null,
      null,
      null,
      null,
      null,
      null,
      null,
      null,
      null,
      null,
      null,
      null,
      null,
      null,
      null
    ]
  },
  "1-21-8": {
    "poses_world": [
      null,
      null,
      null,
      null,
      null,
      null,
      null,
      null,
      null,
      null,
      null,
      null,
      null,
      null,
      [
        [
          0.9946367740631104,
          -0.10307610780000687,
          -0.00854337215423584,
          0.04919934272766113
        ],
        [
          0.103166863322258,
          0.9946036338806152,
          0.010964902117848396,
          -0.3766517639160156
        ],
        [
          0.0073671042919158936,
          -0.011787483468651772,
          0.9999034404754639,
          0.009120404720306396
        ],
        [
          0.0,
          0.0,
          0.0,
          1.0
        ]
      ],
      null,
      null,
      null,
      null,
      null,
      null,
      null,
      null,
      null,
      null,
      null,
      null,
      null,
      null,
      null,
      null,
      null,
      null,
      null,
      null,
      null,
      null,
      null,
      null,
      null,
      null,
      null,
      null,
      null,
      null,
      null,
      null,
      null,
      null,
      null,
      null,
      [
        [
          0.5186650520959932,
          0.8541825367349482,
          0.03686273155966102,
          0.26706209858825974
        ],
        [
          -0.853900993346905,
          0.5196932736587327,
          -0.027788254611458424,
          0.1571752864679386
        ],
        [
          -0.0428935514326072,
          -0.017064315576780398,
          0.9989339237495316,
          0.012476230130630539
        ],
        [
          0.0,
          0.0,
          0.0,
          1.0
        ]
      ],
      null,
      null,
      null,
      [
        [
          0.9997254610061646,
          6.589293479919434e-05,
          -0.02343153953552246,
          -0.05616441369056702
        ],
        [
          -8.406117558479309e-05,
          0.9999997019767761,
          -0.0007741264998912811,
          -0.008206471800804138
        ],
        [
          0.023431450128555298,
          0.0007758680731058121,
          0.9997251629829407,
          0.011399269104003906
        ],
        [
          0.0,
          0.0,
          0.0,
          1.0
        ]
      ],
      [
        [
          -0.9996955230637905,
          -0.019683580822505077,
          -0.014881592152126366,
          0.1450834146465525
        ],
        [
          0.019744066776362215,
          -0.9997973720363259,
          -0.003927992392676636,
          -0.13302012316828396
        ],
        [
          -0.014801303960453538,
          -0.004220622625903218,
          0.9998815097718002,
          0.05281362416801183
        ],
        [
          0.0,
          0.0,
          0.0,
          1.0
        ]
      ],
      [
        [
          -0.4441145658493042,
          -0.8959699869155884,
          -1.4901161193847656e-07,
          -0.07779833674430847
        ],
        [
          0.8959700465202332,
          -0.4441145956516266,
          -5.029141902923584e-08,
          -0.054807305335998535
        ],
        [
          -2.9802322387695312e-08,
          -1.4901161193847656e-07,
          1.0,
          0.008519947528839111
        ],
        [
          0.0,
          0.0,
          0.0,
          1.0
        ]
      ],
      null,
      null,
      null,
      null,
      null,
      null,
      null,
      null,
      null,
      null,
      null,
      null,
      null,
      null,
      null,
      null,
      null,
      null,
      null,
      null,
      null
    ]
  },
  "1-22-7": {
    "poses_world": [
      null,
      null,
      null,
      null,
      null,
      null,
      null,
      null,
      null,
      null,
      null,
      null,
      null,
      null,
      [
        [
          0.9968342618301917,
          -0.027037615860252905,
          0.07476980959007595,
          0.2745842329853941
        ],
        [
          0.04074049753465262,
          0.98126269510898,
          -0.18831836424905435,
          0.35359319065112227
        ],
        [
          -0.06827717278776885,
          0.19076835975648682,
          0.9792577151487463,
          0.012574803517324928
        ],
        [
          0.0,
          0.0,
          0.0,
          1.0
        ]
      ],
      null,
      null,
      null,
      null,
      null,
      null,
      null,
      null,
      null,
      null,
      null,
      null,
      null,
      null,
      null,
      null,
      null,
      null,
      null,
      null,
      null,
      null,
      null,
      null,
      null,
      null,
      null,
      null,
      null,
      null,
      null,
      null,
      null,
      null,
      null,
      null,
      [
        [
          -0.6610334476217554,
          0.747394863269581,
          0.06660490418118442,
          0.23540809863277556
        ],
        [
          -0.7401912109698634,
          -0.6640655594550162,
          0.10551885965539361,
          -0.18120062015945787
        ],
        [
          0.12309423025282734,
          0.020451141609027668,
          0.9921842478770997,
          0.012587733139235557
        ],
        [
          0.0,
          0.0,
          0.0,
          1.0
        ]
      ],
      null,
      null,
      null,
      [
        [
          0.7880228161811829,
          -0.6153831481933594,
          -0.01799190044403076,
          0.03562241792678833
        ],
        [
          0.6152000427246094,
          0.7882277965545654,
          -0.015030879527330399,
          0.14752012491226196
        ],
        [
          0.023431450128555298,
          0.0007761120796203613,
          0.9997252225875854,
          0.011399269104003906
        ],
        [
          0.0,
          0.0,
          0.0,
          1.0
        ]
      ],
      [
        [
          -0.7563900380454381,
          0.653866425204864,
          -0.01824196526624372,
          0.20016274781582172
        ],
        [
          -0.6538248103195612,
          -0.7565926895084654,
          -0.008983468109330171,
          0.09147331851937263
        ],
        [
          -0.019675825242520983,
          0.00513191199584867,
          0.9997932970643137,
          0.052949877930683065
        ],
        [
          0.0,
          0.0,
          0.0,
          1.0
        ]
      ],
      [
        [
          -0.9593569040298462,
          -0.28219661116600037,
          -8.940696716308594e-08,
          0.2784382700920105
        ],
        [
          0.28219661116600037,
          -0.9593567848205566,
          -1.3727694749832153e-06,
          -0.3783578872680664
        ],
        [
          3.8743019104003906e-07,
          -1.341104507446289e-06,
          1.0,
          0.008519947528839111
        ],
        [
          0.0,
          0.0,
          0.0,
          1.0
        ]
      ],
      null,
      null,
      null,
      null,
      null,
      null,
      null,
      null,
      null,
      null,
      null,
      null,
      null,
      null,
      null,
      null,
      null,
      null,
      null,
      null,
      null
    ]
  },
  "1-22-20": {
    "poses_world": [
      null,
      null,
      null,
      null,
      null,
      null,
      null,
      null,
      null,
      null,
      null,
      null,
      null,
      null,
      [
        [
          -0.9186269044876099,
          -0.3951210677623749,
          0.0021101832389831543,
          0.027789562940597534
        ],
        [
          0.3950579762458801,
          -0.9185537695884705,
          -0.013738848268985748,
          -0.10057225823402405
        ],
        [
          0.007366836071014404,
          -0.011787205934524536,
          0.9999034404754639,
          0.009120464324951172
        ],
        [
          0.0,
          0.0,
          0.0,
          1.0
        ]
      ],
      null,
      null,
      null,
      null,
      null,
      null,
      null,
      null,
      null,
      null,
      null,
      null,
      null,
      null,
      null,
      null,
      null,
      null,
      null,
      null,
      null,
      null,
      null,
      null,
      null,
      null,
      null,
      null,
      null,
      null,
      null,
      null,
      null,
      null,
      null,
      null,
      [
        [
          0.930061414334738,
          -0.3564739261695701,
          0.08895057729266181,
          0.2726967841642915
        ],
        [
          0.36015179579057355,
          0.9324460631197216,
          -0.02889904879856018,
          0.36514713372953295
        ],
        [
          -0.0726398509593269,
          0.05891360553213226,
          0.99561672873416,
          0.012372585351117793
        ],
        [
          0.0,
          0.0,
          0.0,
          1.0
        ]
      ],
      null,
      null,
      null,
      [
        [
          0.00015283748507499695,
          0.9999997615814209,
          -0.0007796883583068848,
          0.1922641098499298
        ],
        [
          -0.9997254610061646,
          0.00017107650637626648,
          0.023431219160556793,
          -0.1278599351644516
        ],
        [
          0.02343135140836239,
          0.0007758736610412598,
          0.9997252225875854,
          0.011399269104003906
        ],
        [
          0.0,
          0.0,
          0.0,
          1.0
        ]
      ],
      [
        [
          -0.16375251319633716,
          -0.9864071720953111,
          -0.013640889206250228,
          0.26703593278298043
        ],
        [
          0.9864174096093007,
          -0.1639033309518629,
          0.010789471849291833,
          0.2956627704511076
        ],
        [
          -0.01287856868047961,
          -0.011688901307242372,
          0.9998487642383188,
          0.052707604644745054
        ],
        [
          0.0,
          0.0,
          0.0,
          1.0
        ]
      ],
      [
        [
          0.10539209842681885,
          0.9944308996200562,
          -5.960464477539063e-08,
          -0.06452891230583191
        ],
        [
          -0.9944308996200562,
          0.10539210587739944,
          1.862645149230957e-07,
          -0.1715516448020935
        ],
        [
          1.9185245037078857e-07,
          0.0,
          1.0,
          0.008519947528839111
        ],
        [
          0.0,
          0.0,
          0.0,
          1.0
        ]
      ],
      null,
      null,
      null,
      null,
      null,
      null,
      null,
      null,
      null,
      null,
      null,
      null,
      null,
      null,
      null,
      null,
      null,
      null,
      null,
      null,
      null
    ]
  },
  "1-23-6": {
    "poses_world": [
      null,
      null,
      null,
      null,
      null,
      null,
      null,
      null,
      null,
      null,
      null,
      null,
      null,
      null,
      [
        [
          -0.5108242350669359,
          0.8136932759114025,
          0.27742029457279915,
          0.26468003817085767
        ],
        [
          -0.85551298807977,
          -0.5129036062231758,
          -0.07090551933251349,
          0.15794427456905785
        ],
        [
          0.08459452186676478,
          -0.2735569726941871,
          0.9581286165313021,
          0.013665891359268323
        ],
        [
          0.0,
          0.0,
          0.0,
          1.0
        ]
      ],
      null,
      null,
      null,
      null,
      null,
      null,
      null,
      null,
      null,
      null,
      null,
      null,
      null,
      null,
      null,
      null,
      null,
      null,
      null,
      null,
      null,
      null,
      null,
      null,
      null,
      null,
      null,
      null,
      null,
      null,
      null,
      null,
      null,
      null,
      null,
      null,
      [
        [
          -0.9091047644615173,
          0.4165671169757843,
          0.0010479092597961426,
          -0.059039920568466187
        ],
        [
          -0.41641268134117126,
          -0.9088307023048401,
          0.0250595323741436,
          -0.28804224729537964
        ],
        [
          0.01139134168624878,
          0.022345349192619324,
          0.999685525894165,
          0.009862840175628662
        ],
        [
          0.0,
          0.0,
          0.0,
          1.0
        ]
      ],
      null,
      null,
      null,
      [
        [
          0.9734193086624146,
          -0.22790849208831787,
          -0.02263796329498291,
          -0.05226081609725952
        ],
        [
          0.22782829403877258,
          0.9736822247505188,
          -0.006095433607697487,
          0.35402911901474
        ],
        [
          0.02343142032623291,
          0.0007758364081382751,
          0.9997251629829407,
          0.011399269104003906
        ],
        [
          0.0,
          0.0,
          0.0,
          1.0
        ]
      ],
      [
        [
          0.46056947140906723,
          0.8875089303785548,
          -0.014272905227638577,
          0.2661249932547728
        ],
        [
          -0.8875887878962332,
          0.4603489434424955,
          -0.016280624024697106,
          -0.363419949449322
        ],
        [
          -0.007878815402724004,
          0.02016681221161426,
          0.9997655924411634,
          0.05285364575901558
        ],
        [
          0.0,
          0.0,
          0.0,
          1.0
        ]
      ],
      [
        [
          -0.17508482933044434,
          0.9845534563064575,
          -1.4901161193847656e-07,
          0.03008553385734558
        ],
        [
          -0.9845534563064575,
          -0.17508484423160553,
          9.238719940185547e-07,
          0.24273553490638733
        ],
        [
          8.791685104370117e-07,
          3.2782554626464844e-07,
          1.0,
          0.008519947528839111
        ],
        [
          0.0,
          0.0,
          0.0,
          1.0
        ]
      ],
      null,
      null,
      null,
      null,
      null,
      null,
      null,
      null,
      null,
      null,
      null,
      null,
      null,
      null,
      null,
      null,
      null,
      null,
      null,
      null,
      null
    ]
  },
  "1-3-1": {
    "poses_world": [
      null,
      null,
      null,
      null,
      null,
      null,
      null,
      null,
      null,
      null,
      null,
      null,
      null,
      null,
      null,
      null,
      null,
      null,
      null,
      null,
      null,
      null,
      null,
      null,
      null,
      null,
      null,
      null,
      null,
      null,
      null,
      null,
      null,
      null,
      null,
      [
        [
          0.06543214729850977,
          -0.9975862001360233,
          0.023251518564580576,
          0.2547297230052277
        ],
        [
          0.9978022521389005,
          0.06565511796243892,
          0.008957210479128754,
          -0.13907922450670127
        ],
        [
          -0.010462172446072553,
          0.022614342667424903,
          0.9996895318695022,
          0.016688667986289984
        ],
        [
          0.0,
          0.0,
          0.0,
          1.0
        ]
      ],
      null,
      null,
      null,
      [
        [
          -0.9904783008024219,
          0.13667537962362497,
          -0.016504742745143575,
          0.12026827274411123
        ],
        [
          -0.13675024744731754,
          -0.9905992906205555,
          0.0034917277900765632,
          0.31975431267093835
        ],
        [
          -0.01587243948094924,
          0.005715516015593475,
          0.9998577060049889,
          0.03753863563562709
        ],
        [
          0.0,
          0.0,
          0.0,
          1.0
        ]
      ],
      null,
      null,
      null,
      null,
      null,
      null,
      null,
      null,
      [
        [
          0.18676889119865112,
          -0.9824030933978263,
          -0.0012431270471697786,
          -0.0049466332554843895
        ],
        [
          0.9821442605904404,
          0.1867484714814676,
          -0.02275523592462619,
          0.13589562756952714
        ],
        [
          0.02258696456880832,
          0.003029057206751118,
          0.9997403104353646,
          0.04429876812566658
        ],
        [
          0.0,
          0.0,
          0.0,
          1.0
        ]
      ],
      null,
      null,
      [
        [
          -0.23475371116343546,
          -0.9535984248524005,
          0.18852244824106207,
          0.2728923689022557
        ],
        [
          0.9693891343181307,
          -0.21531155513031813,
          0.11800678746233433,
          0.03557363737604799
        ],
        [
          -0.07194003346586547,
          0.21045415876138257,
          0.9749531448913217,
          0.015586885743916201
        ],
        [
          0.0,
          0.0,
          0.0,
          1.0
        ]
      ],
      null,
      null,
      null,
      null,
      null,
      null,
      [
        [
          0.9975075368492384,
          0.07052614487706,
          0.002211708561968617,
          0.18642742271345697
        ],
        [
          -0.07050127681110263,
          0.9974634783162091,
          -0.009812131175524954,
          0.02236387474724079
        ],
        [
          -0.00289815125104792,
          0.009631742446120667,
          0.9999494582327637,
          0.024900709162999135
        ],
        [
          0.0,
          0.0,
          0.0,
          1.0
        ]
      ],
      null,
      null,
      null,
      null,
      null,
      null,
      null,
      null,
      null,
      null,
      null,
      null,
      null,
      null,
      null,
      null,
      null,
      null,
      null,
      null
    ]
  },
  "1-4-10": {
    "poses_world": [
      null,
      null,
      null,
      null,
      null,
      null,
      null,
      null,
      null,
      null,
      null,
      null,
      null,
      null,
      null,
      null,
      null,
      null,
      null,
      null,
      null,
      null,
      null,
      null,
      null,
      null,
      null,
      null,
      null,
      null,
      null,
      null,
      null,
      null,
      null,
      [
        [
          0.14380381542709544,
          -0.9891492351665161,
          0.03007298851352097,
          0.26676151631294137
        ],
        [
          0.9895974567846537,
          0.14360775853551672,
          -0.008592982548584219,
          0.31508605303158566
        ],
        [
          0.004181017932281678,
          0.030995877000844607,
          0.9995107807472536,
          0.016834174700846694
        ],
        [
          0.0,
          0.0,
          0.0,
          1.0
        ]
      ],
      null,
      null,
      null,
      [
        [
          -0.6498014640748,
          -0.7598796266895556,
          -0.018477281192841533,
          -0.07251827894326102
        ],
        [
          0.7600034988358146,
          -0.649919106062151,
          0.000482442598474294,
          0.34176294203380864
        ],
        [
          -0.012375319758936909,
          -0.013729268484707402,
          0.9998291448496422,
          0.03763049654704642
        ],
        [
          0.0,
          0.0,
          0.0,
          1.0
        ]
      ],
      null,
      null,
      null,
      null,
      null,
      null,
      null,
      null,
      [
        [
          -0.12733542915740562,
          -0.9918461564266532,
          -0.0052017013977966875,
          0.0664172643053979
        ],
        [
          0.9918147651631951,
          -0.1273778599343527,
          0.008862788559714934,
          0.1009884917431755
        ],
        [
          -0.009453110316352716,
          -0.004030526908741672,
          0.9999471735856096,
          0.04436972559775687
        ],
        [
          0.0,
          0.0,
          0.0,
          1.0
        ]
      ],
      null,
      null,
      [
        [
          -0.4333404302597046,
          -0.9008815288543701,
          0.02507472038269043,
          0.19353273510932922
        ],
        [
          0.9011585116386414,
          -0.4334897994995117,
          -0.0005791932344436646,
          -0.3082844614982605
        ],
        [
          0.011391431093215942,
          0.02234533429145813,
          0.9996854662895203,
          0.009862840175628662
        ],
        [
          0.0,
          0.0,
          0.0,
          1.0
        ]
      ],
      null,
      null,
      null,
      null,
      null,
      null,
      [
        [
          0.6171747100125595,
          0.7867883488813758,
          0.007716094904387127,
          0.25289820066567636
        ],
        [
          -0.7866128732416393,
          0.6172061431999861,
          -0.01723185173116348,
          0.0012348060910076508
        ],
        [
          -0.018320262691060185,
          0.00456547245176725,
          0.9998217279529387,
          0.024519434092318992
        ],
        [
          0.0,
          0.0,
          0.0,
          1.0
        ]
      ],
      null,
      null,
      null,
      null,
      null,
      null,
      null,
      null,
      null,
      null,
      null,
      null,
      null,
      null,
      null,
      null,
      null,
      null,
      null,
      null
    ]
  },
  "1-1-15": {
    "poses_world": [
      null,
      null,
      null,
      null,
      null,
      null,
      null,
      null,
      null,
      null,
      null,
      null,
      null,
      null,
      null,
      null,
      null,
      null,
      null,
      null,
      null,
      null,
      null,
      null,
      null,
      null,
      null,
      null,
      null,
      null,
      null,
      null,
      null,
      null,
      null,
      [
        [
          0.0072722467388791345,
          0.9996625818434518,
          0.02494272225496813,
          0.21687924141916198
        ],
        [
          -0.9999725345586905,
          0.007232165596342599,
          0.0016962929255857767,
          0.1805824277120974
        ],
        [
          0.0015153427705887658,
          -0.024954360095518602,
          0.9996874564951655,
          0.017083429063634914
        ],
        [
          0.0,
          0.0,
          0.0,
          1.0
        ]
      ],
      null,
      null,
      null,
      [
        [
          -0.36703573726955807,
          0.9298813814266427,
          -0.02460669193042697,
          0.1759083499261141
        ],
        [
          -0.930056382035327,
          -0.367323728313379,
          -0.008273673235733865,
          -0.24491723440671934
        ],
        [
          -0.01673215645920917,
          0.019848845109936675,
          0.9996629683068412,
          0.03790275460246739
        ],
        [
          0.0,
          0.0,
          0.0,
          1.0
        ]
      ],
      null,
      null,
      null,
      null,
      null,
      null,
      null,
      null,
      [
        [
          0.4493320296604718,
          -0.8933576381613284,
          0.0035712603378947883,
          0.24882389552708123
        ],
        [
          0.893310168954581,
          0.44934514227881606,
          0.009261526994209734,
          0.33200574538419353
        ],
        [
          -0.009878595493379244,
          -0.0009712475986544677,
          0.9999507874375515,
          0.04450165576001536
        ],
        [
          0.0,
          0.0,
          0.0,
          1.0
        ]
      ],
      null,
      null,
      [
        [
          0.724516543391742,
          0.6887439765949053,
          0.02660116274131641,
          0.2672467071682841
        ],
        [
          -0.6889275163723253,
          0.724824165071632,
          -0.002966853971625029,
          0.029820411247590148
        ],
        [
          -0.021324596878430524,
          -0.016176734678296167,
          0.9996417326282703,
          0.012490509913275605
        ],
        [
          0.0,
          0.0,
          0.0,
          1.0
        ]
      ],
      null,
      null,
      null,
      null,
      null,
      null,
      [
        [
          0.01206158390396471,
          -0.999783145736572,
          -0.016979668780789825,
          -0.07572173139169813
        ],
        [
          0.9999069989342134,
          0.011951559999911328,
          0.006573276655896444,
          0.15695953000866303
        ],
        [
          -0.006368903718628471,
          -0.01705734503389922,
          0.9998342619206655,
          0.025219908217152476
        ],
        [
          0.0,
          0.0,
          0.0,
          1.0
        ]
      ],
      null,
      null,
      null,
      null,
      null,
      null,
      null,
      null,
      null,
      null,
      null,
      null,
      null,
      null,
      null,
      null,
      null,
      null,
      null,
      null
    ]
  },
  "1-2-18": {
    "poses_world": [
      null,
      null,
      null,
      null,
      null,
      null,
      null,
      null,
      null,
      null,
      null,
      null,
      null,
      null,
      null,
      null,
      null,
      null,
      null,
      null,
      null,
      null,
      null,
      null,
      null,
      null,
      null,
      null,
      null,
      null,
      null,
      null,
      null,
      null,
      null,
      [
        [
          0.002436190853671548,
          -0.9994784182917396,
          0.0322017430707337,
          -0.0717562712489962
        ],
        [
          0.9999918674217014,
          0.002538717386398222,
          0.0031429580388548234,
          -0.14724407279632612
        ],
        [
          -0.0032230741115983202,
          0.03219382558284739,
          0.999476461596608,
          0.016736639898488725
        ],
        [
          0.0,
          0.0,
          0.0,
          1.0
        ]
      ],
      null,
      null,
      null,
      [
        [
          -0.7389565151608106,
          0.6732790570054121,
          -0.025278370123412996,
          0.27545166019647804
        ],
        [
          -0.6734718922767688,
          -0.739212172463223,
          -0.0011733118350029312,
          0.12554577546172999
        ],
        [
          -0.01947602759360495,
          0.01615722464595859,
          0.9996797835077238,
          0.03816428435552616
        ],
        [
          0.0,
          0.0,
          0.0,
          1.0
        ]
      ],
      null,
      null,
      null,
      null,
      null,
      null,
      null,
      null,
      [
        [
          0.4312290197936436,
          0.9021243176647542,
          0.014609545501564292,
          0.08887515700584214
        ],
        [
          -0.9020623479608597,
          0.43140997923216257,
          -0.013002829531576353,
          -0.28135719431691186
        ],
        [
          -0.018032878376774836,
          -0.007571463225585662,
          0.9998087266114724,
          0.043879524796308855
        ],
        [
          0.0,
          0.0,
          0.0,
          1.0
        ]
      ],
      null,
      null,
      [
        [
          0.9998799562454224,
          0.010247718542814255,
          -0.01162266731262207,
          0.0006751418113708496
        ],
        [
          -0.010504212230443954,
          0.9996978044509888,
          -0.02222592569887638,
          0.36415886878967285
        ],
        [
          0.011391371488571167,
          0.022345339879393578,
          0.9996854066848755,
          0.009862840175628662
        ],
        [
          0.0,
          0.0,
          0.0,
          1.0
        ]
      ],
      null,
      null,
      null,
      null,
      null,
      null,
      [
        [
          -0.9575477594310482,
          -0.28786287370710617,
          0.015418719079959675,
          -0.04168840755223513
        ],
        [
          0.2877961276259264,
          -0.9576704006845451,
          -0.00643381977580261,
          0.1065476597883904
        ],
        [
          0.01661818262618342,
          -0.001723231249452034,
          0.9998604652410539,
          0.024308849971059976
        ],
        [
          0.0,
          0.0,
          0.0,
          1.0
        ]
      ],
      null,
      null,
      null,
      null,
      null,
      null,
      null,
      null,
      null,
      null,
      null,
      null,
      null,
      null,
      null,
      null,
      null,
      null,
      null,
      null
    ]
  },
  "1-6-5": {
    "poses_world": [
      null,
      null,
      null,
      null,
      null,
      null,
      null,
      null,
      null,
      null,
      null,
      null,
      null,
      null,
      null,
      null,
      null,
      null,
      null,
      null,
      null,
      null,
      null,
      null,
      null,
      null,
      null,
      null,
      null,
      null,
      null,
      null,
      null,
      null,
      null,
      [
        [
          -0.10022066688560155,
          -0.9944249338076447,
